Saoirse
0,-1,1,1,-2,2,1,1
1,1,0,-2,-1,2,1,1

Nequeba
0,-2,1,0,0,1,-1,0
-1,0,0,-1,1,1,0,-1

William Quackshot
1,1,1,-2,-1,-2,-1,0
-2,1,-2,2,0,-2,0,0

Dak Perkins
1,1,0,-1,0,-1,0,-1
0,1,-1,1,-2,-2,1,-1

BFett
1,1,1,2,1,-1,-1,0
1,2,-2,2,0,-1,1,0

Dr. Cha0zz
0,0,2,-1,2,-1,2,0
-2,0,1,-1,2,-1,1,1

Karthus
0,0,1,-2,1,0,0,2
2,0,0,1,0,-2,0,1

Dinosawer
2,1,2,-2,-2,-2,1,1
-1,-1,-1,2,2,-2,1,1

Francis
-2,2,2,-2,-2,-2,-2,2
1,0,0,0,1,1,1,0

isssss-hh
2,2,-2,-2,-2,-2,-2,-2
-2,2,-2,-2,-2,2,-2,-2

Squidhead
1,1,1,-2,1,1,1,-2
-2,1,2,1,-1,-2,1,1

Foreigner
1,1,2,-2,0,-2,1,1
0,2,0,-2,3,-2,1,-2

Kai'isha
-2,-1,2,-1,1,2,-2,0
0,1,2,-2,-2,1,1,0

Jugjugmleep
-1,0,1,0,1,0,-1,-1
-2,1,0,0,0,-1,1,0

Unit 4965
-2,2,2,-2,-2,-2,1,-2
1,2,2,-2,-2,-2,-2,-2

Bod Pol
1,-1,-1,-1,0,0,-1,0
-1,0,2,-1,0,-1,0,0

Rosh Korant
0,1,1,-2,-1,0,0,0
1,0,2,0,-2,-2,-2,0

Tonon Murk
0,0,1,0,-1,-1,-1,1
2,-2,-2,1,1,-2,-2,-2

Chari
-1,-1,-1,-2,-1,2,0,3
0,-2,2,0,1,-2,1,1

Zorathex
-1,-1,1,-2,0,-2,1,1
0,0,1,0,1,-2,0,-1

Tulius
1,1,0,-2,-1,0,0,0
-1,1,-1,-2,1,-2,1,0

Hema
0,0,1,-1,2,-2,0,0
0,1,0,-1,1,-2,0,0

Taepilus
1,1,0,-2,2,-2,-2,0
0,0,1,-1,2,-2,0,-2

Fawkes
1,1,1,-1,1,-1,0,-1
1,0,2,1,-2,-2,-1,-1

Ysavva/Amenra
2,1,1,-2,-1,0,-2,0
-2,1,-1,2,1,0,-2,1

Blake Lowe
0,0,-1,2,0,0,0,0
0,1,1,1,-1,-1,-1,1

Aegagrus
1,0,1,-1,-1,0,1,0
-2,0,0,2,1,-1,0,0

Andrew Rice
1,1,1,-1,1,-1,-1,0
0,1,-2,1,1,-2,-1,-1,0

Rikke
1,0,0,-2,1,-1,0,0,0
-1,1,1,-2,2,-2,-1,0

Clara
0,-2,1,2,1,1,0,-2
1,0,0,-2,-2,1,3,-2

Chavez
1,0,2,0,0,-1,0,1
0,2,0,-1,1,0,1,-2

Taniya
-2,-1,-2,-2,0,3,0,2
0,0,-1,0,1,3,-1,0

Lt. Brecalus
3,0,0,1,-2,-2,-2,2
1,1,-1,3,-1,-1,-1,-1

Marcson Tobar
2,-2,-1,0,-2,0,2,1
-1,1,-1,3,-1,-1,-2,1

Fallen
3,-2,0,0,-2,-2,0,2
0,2,-1,3,-2,0,0,-2

Kalla
2,-1,1,-1,-1,2,-2,1
0,2,-1,2,-2,0,-2,2

Snakesilk
3,-1,1,-2,-1,-1,0,1
-2,-1,-1,2,-2,0,3,-2

Aliss Maldoon
1,-2,3,-2,-2,-2,-2,2
-1,2,-2,1,1,0,-1,0

Trig
2,2,-2,-1,-1,-2,1,2
-2,1,-1,2,2,-1,-1,1

Talvieno
666,666,666,666,666,666,666,666
666,666,666,666,666,666,666,666

Jimmy Triggerhappy
2,1,0,-2,-2,0,-2,0
-1,0,-1,2,-2,-2,1,0

Payback-13
1,1,1,-2,0,-2,-2,0
-2,0,-2,1,1,-2,0,1

Kalah Grimm
1,0,2,-2,0,-2,-2,0
0,2,0,1,-2,-2,-1,-1

Servius
0,1,1,-2,0,-2,-2,1
1,1,-2,-2,1,-2,0,0

Karenisti
0,0,0,2,1,-2,-2,-2
-2,0,2,-2,-2,1,0,0

Default
0,0,0,0,0,0,0,0
0,0,0,0,0,0,0,0